9 7
Pre
1 0 0 0 0 0 0
1 1 0 0 0 0 0
0 0 1 0 0 0 0
0 0 1 1 0 0 0
0 0 0 1 0 0 0
0 0 0 0 1 0 0
0 0 0 0 0 1 0
0 0 0 0 0 1 0
0 0 0 0 0 0 1
Post
0 0 0 0 1 0 0
0 0 0 0 0 1 0
1 0 0 0 0 0 0
1 1 0 0 0 0 0
0 1 0 0 0 0 0
0 0 1 0 0 0 0
0 0 1 1 0 0 0
0 0 1 0 0 0 1
0 0 0 1 0 0 0
Disparos
0, 2, 5, 1, 4, 3, 6, 5, 0, 2, 4, 5, 0, 2, 5, 4, 1, 3, 6, 5, 1, 3, 6, 5, 0, 2, 5, 4, 1, 3, 6, 5, 0, 2, 5, 1, 3, 4, 6, 5, 0, 2, 5, 4, 1, 3, 6, 5, 0, 2, 5, 1, 4, 3, 6, 5, 1, 3, 6, 5, 1, 3, 6, 5, 1, 3, 6, 5, 0, 2, 4, 5, 1, 3, 6, 5, 1, 3, 6, 5, 0, 2, 5, 4, 1, 3, 6, 5, 0, 2, 5, 1, 3, 4, 6, 5, 1, 3, 6, 5, 0, 2, 5, 1, 4, 3, 6, 5, 0, 2, 5, 1, 3, 4, 6, 5, 1, 3, 6, 5, 1, 3, 6, 5, 0, 2, 5, 1, 4, 3, 6, 5, 1, 3, 6, 5, 1, 3, 6, 5, 1, 3, 6, 5, 0, 2, 5, 4, 1, 3, 6, 5, 1, 3, 6, 5, 1, 3, 6, 5, 1, 3, 6, 5, 0, 2, 5, 4, 1, 3, 6, 5, 0, 2, 4, 5, 0, 2, 4, 5, 1, 3, 6, 5, 0, 2, 5, 4, 1, 3, 6, 5, 1, 3, 6, 5, 1, 3, 6, 5, 1, 3, 6, 5, 1, 3, 6, 5, 0, 2, 5, 1, 4, 3, 6, 5, 0, 2, 5, 1, 4, 3, 6, 5, 1, 3, 6, 5, 1, 3, 6, 5, 1, 3, 6, 5, 1, 3, 6, 5, 0, 2, 5, 4, 1, 3, 6, 5, 1, 3, 6, 5, 1, 3, 6, 5, 0, 2, 5, 1, 3, 4, 6, 5, 0, 2, 5, 4, 1, 3, 6, 5, 0, 2, 5, 4, 1, 3, 6, 5, 0, 2, 4, 5, 1, 3, 6, 5, 1, 3, 6, 5, 0, 2, 5, 4, 1, 3, 6, 5
Tiempos
0.0, 1.061, 3.069, 4.072, 4.093, 5.062, 8.091, 10.075, 12.121, 13.998, 16.02, 16.034, 17.053, 19.056, 20.072, 22.033, 22.085, 24.056, 27.015, 28.051, 29.053, 30.053, 32.139, 34.198, 36.309, 38.239, 39.202, 40.253, 41.313, 42.271, 43.333, 45.291, 46.216, 48.19, 49.123, 49.991, 51.946, 52.24, 54.974, 56.025, 57.952, 60.857, 61.831, 61.857, 62.793, 63.836, 66.808, 67.824, 69.901, 72.835, 73.853, 74.88, 75.844, 76.907, 77.935, 79.927, 80.875, 82.853, 84.879, 86.891, 87.878, 88.853, 91.808, 92.797, 93.807, 94.856, 96.762, 97.728, 99.765, 101.824, 102.817, 103.714, 104.702, 106.708, 107.65, 108.601, 110.536, 111.558, 113.622, 115.618, 116.673, 117.769, 119.778, 119.817, 121.76, 122.798, 125.787, 126.753, 127.777, 129.76, 131.774, 132.782, 133.789, 133.825, 136.764, 137.814, 138.816, 139.782, 140.74, 141.717, 143.765, 144.724, 145.684, 147.684, 147.755, 148.737, 149.718, 151.684, 152.669, 155.691, 156.717, 157.611, 158.618, 159.575, 161.697, 162.631, 163.6, 164.616, 165.544, 166.531, 167.525, 169.394, 172.33, 173.363, 174.444, 175.501, 176.541, 177.561, 178.436, 178.589, 180.58, 182.546, 183.618, 185.638, 188.626, 190.586, 192.648, 194.586, 195.537, 197.545, 198.458, 199.569, 200.504, 202.53, 203.597, 204.61, 206.537, 206.631, 208.568, 210.556, 211.556, 213.545, 215.517, 217.508, 219.487, 220.439, 222.47, 223.474, 226.471, 227.539, 229.565, 231.535, 233.495, 234.577, 235.517, 238.544, 239.613, 241.496, 241.644, 242.59, 243.657, 245.68, 246.643, 249.567, 250.475, 251.595, 252.495, 255.451, 257.446, 257.543, 258.476, 259.483, 262.53, 264.469, 265.486, 267.415, 268.395, 268.437, 270.467, 271.444, 272.428, 273.455, 274.502, 276.448, 279.419, 280.393, 281.384, 282.366, 283.422, 284.424, 285.472, 287.48, 290.458, 292.491, 294.459, 295.516, 296.519, 298.406, 300.274, 302.254, 303.3, 304.31, 305.25, 306.425, 307.479, 308.573, 310.617, 312.62, 314.674, 315.664, 315.739, 316.644, 319.711, 320.711, 321.727, 323.799, 326.782, 327.825, 328.744, 330.751, 331.733, 333.737, 334.809, 336.895, 339.942, 341.906, 343.822, 344.808, 346.794, 348.776, 350.692, 351.796, 352.84, 353.717, 354.84, 355.775, 358.77, 360.772, 362.733, 363.713, 366.663, 367.745, 369.784, 370.797, 373.828, 374.825, 375.75, 376.775, 377.804, 378.836, 379.895, 380.715, 382.927, 384.0, 385.009, 386.993, 388.984, 390.958, 390.965, 393.053, 396.006, 398.041, 399.094, 400.188, 401.19, 401.213, 402.242, 403.292, 405.248, 406.203, 407.252, 408.307, 409.338, 409.364, 411.406, 413.371, 416.379, 417.454, 418.441, 420.483, 423.531, 424.569, 425.475, 426.383, 427.411, 428.331, 429.411, 430.381, 431.429, 433.505
